time,x,y,z,phi,theta,psi,x_velocity,y_velocity,z_velocity,phi_velocity,theta_velocity,psi_velocity,rotor_speed1,rotor_speed2,rotor_speed3,rotor_speed4
0.06,8.09850020822e-08,1.54211065181e-06,10.0047903593,0.000957865762881,6.28305712259,0.0,9.37762419902e-06,0.000116923089045,0.159668979872,0.0366806624271,-0.00679424366447,0.0,455.11384567673156,454.5698615367564,454.56832684699543,457.49772529457664
0.12000000000000001,5.3752464107e-06,3.9737912267e-05,10.0194556083,0.00270840276022,6.28245760137,0.0,0.000222609007502,0.00138653262915,0.329137998956,0.00665612312637,-0.0173089102365,0.0,459.0051474346501,458.1702057437401,459.51529945645655,457.12961561492966
0.18,3.69529058971e-05,0.000178141654128,10.0412668799,0.00343366410415,6.28114035171,0.0,0.000942562103058,0.00328333571239,0.397882147585,0.0211903349191,-0.0334015692609,0.0,427.7525615990634,426.380078903397,426.30544108522656,427.5452479075047
0.23999999999999996,0.00015439434181,0.000468882525409,10.0729429702,0.00495804068774,6.2795682546,0.0,0.00319298683481,0.00658471387304,0.657872792181,0.0327279049825,-0.0147137876888,0.0,483.7776010387398,485.1823285269781,485.528777702607,486.3935293272684
0.3,0.000423900421331,0.000974702344295,10.1155392617,0.00707335753644,6.27920099692,0.0,0.00585037581214,0.010485306521,0.761938066212,0.0398824168175,0.00709978755413,0.0,437.53443250192817,439.34657622800387,438.5729773101716,439.16727926160684
0.36000000000000004,0.000862347135963,0.00177386035477,10.1662315954,0.00932090662207,6.28029528213,0.0,0.00867220453309,0.0164122077151,0.927684488791,0.0321104981584,0.0343332592876,0.0,456.0432204047994,458.21301488536466,458.990918733096,458.3743985754495
0.4200000000000001,0.00144095266003,0.00298329711238,10.2274639474,0.0110488821112,6.28235869493,0.0,0.0103778139432,0.0241114382685,1.11322988386,0.0211840371466,0.0345038553736,0.0,464.25690122340194,464.270722640715,464.45070912641125,463.5932607229774
0.48000000000000015,0.00207550344451,0.00472953304039,10.3031359275,0.0124145309831,0.00104661517703,0.0,0.0105142333551,0.0342656876687,1.40885114634,0.02574100961,0.0236783251457,0.0,496.21858988800966,495.42358227002035,496.6968598928846,497.0308845313575
0.5400000000000001,0.00268127470217,0.00702895589906,10.3891856931,0.0138220098996,0.00212459075245,0.0,0.00955653641494,0.0425210577641,1.45940884649,0.0184494448282,0.00296899300289,0.0,423.17609615404,421.3898072711552,423.90618412288757,423.27928884721865
0.6000000000000002,0.00320258859641,0.00991838865805,10.4831302223,0.0155758136592,0.00248374495266,0.0,0.00778864355999,0.0539658864202,1.67178662191,0.0449405563215,0.0114242207199,0.0,472.33329883519156,472.98476797909063,472.9005832833983,474.9367572015282
0.6600000000000003,0.00361389393073,0.0135017330825,10.5872656384,0.0178836559826,0.00298976354665,0.0,0.00585800814583,0.0657463751254,1.79919699643,0.0205623478358,0.00165744112214,0.0,447.9155695013544,447.12053004147185,449.99833600174577,448.02141789011597
0.7200000000000003,0.00389612595391,0.0178555792114,10.700119241,0.019493844106,0.00396012221221,0.0,0.00348030518692,0.0795377221502,1.96232049987,0.0371031944494,0.0356011308026,0.0,458.7125613102791,461.399962651919,458.54634465946873,459.8585079646102
0.7800000000000004,0.00399869324222,0.0231131459008,10.8245862149,0.0214627651704,0.0061135178175,0.0,-0.00031773409794,0.0959608638504,2.18617113206,0.0224529306903,0.03646122676,0.0,477.9966709766719,478.0626817704961,478.97165427536265,477.8565650903026
0.8400000000000004,0.00386157601318,0.0292633444411,10.9561783014,0.0228609113763,0.00849032916227,0.0,-0.00445703881806,0.109167508872,2.20020002437,0.0249493168796,0.0452699551,0.0,414.04609282447626,414.8212229103155,412.62390448407973,412.84431757236706
0.9000000000000005,0.00340809439283,0.0362919031056,11.0912196033,0.0241130978626,0.0111383054024,0.0,-0.0109312557767,0.125254842278,2.30097242265,0.0111170893378,0.0417567522915,0.0,441.2432590489279,440.954261932596,443.268723778718,442.13060501876805
0.9600000000000005,0.00249044596353,0.0443534547236,11.2341587064,0.0248872922536,0.0138193216978,0.0,-0.0199421908408,0.143535304265,2.46332231869,0.0162554513596,0.0499730915352,0.0,462.19599550314126,462.8441162596797,459.92792494057744,460.3345694738759
1.0200000000000005,0.000976034570356,0.0535200509793,11.3864027242,0.0263209575929,0.0168672769639,0.0,-0.0308633146813,0.162144033606,2.6111427095,0.0359414486395,0.0524018438387,0.0,458.0293665715051,458.2240329707838,456.3710136173015,457.9396298730146
1.0800000000000005,-0.00123733193807,0.0638044494686,11.5461273335,0.0299601582792,0.0196745295349,0.0,-0.0432191911291,0.180981489176,2.71275876388,0.0877211466326,0.0321430176487,0.0,445.2518076197965,443.59258047476555,441.59398856781536,445.846812265443
1.1400000000000006,-0.00418948956308,0.0752172174679,11.709149639,0.0350168738848,0.0213796553321,0.0,-0.0553475137843,0.199900519605,2.72127682888,0.0763141809104,0.0196764714706,0.0,414.37542858676886,413.27834849310335,415.4511463999528,414.4560979108152
1.2000000000000006,-0.007999432866,0.0880229358222,11.8773989502,0.0397580187182,0.0224412906812,0.0,-0.0717674048002,0.227462456752,2.88660470741,0.0839410485863,0.0134008883115,0.0,464.7595521967983,464.2673489061144,463.7319665473002,464.3353593330834
1.2600000000000007,-0.0127829606728,0.102529966952,12.0540568416,0.0447713002071,0.0229899423551,0.0,-0.0877491503831,0.256616136149,3.0016677502,0.0827710788771,-0.0011285734793,0.0,451.1298787175827,449.95505242290295,449.15533409887263,449.06605810845224
1.3200000000000007,-0.0183982056727,0.118622233667,12.2317188763,0.0497615472325,0.0231109980697,0.0,-0.0994330451104,0.280176036786,2.92058876624,0.0839579345582,0.00766581250102,0.0,385.22840973104303,386.05910079151056,384.1852421899706,384.3045861382155
1.3800000000000008,-0.0247495170963,0.136272140242,12.4058553036,0.0546370313214,0.0241630811026,0.0,-0.112345562449,0.308563594369,2.88402332482,0.0752267615144,0.0322394376743,0.0,399.88183914544163,402.11415735824585,400.07180994945463,399.28214440217414
1.4400000000000008,-0.0320917755998,0.156144829193,12.5857285104,0.0590908161039,0.0258991610068,0.0,-0.13260497406,0.354366062927,3.11111429548,0.0721584118405,0.0213354473049,0.0,484.11167719994666,483.2906863463899,483.5083315003524,483.28092945678924
1.5000000000000009,-0.0407378939874,0.17898490415,12.781077786,0.0631495470009,0.0269672099256,0.0,-0.15573182047,0.407465636745,3.39966551707,0.056610335125,0.00958047637804,0.0,502.70077070304484,501.8481550821426,502.75518056025777,501.63019756949575
1.560000000000001,-0.0506175497988,0.204691818787,12.9871363529,0.0661130234238,0.0275561252059,0.0,-0.173641266469,0.449731578696,3.46871257834,0.028262859484,0.010280727275,0.0,438.83902565074544,438.89702740499075,439.76470331435297,437.41165170952337
1.620000000000001,-0.0616295693964,0.233097032829,13.1989928446,0.0680927936527,0.027904226821,0.0,-0.193468691915,0.497274870237,3.59276090218,0.0410899947473,-0.00513802973095,0.0,457.2846614948814,456.05464724813953,455.6709590521804,456.6956423946137
1.680000000000001,-0.0738030973804,0.26431702389,13.4170751972,0.0713371437021,0.0270028034901,0.0,-0.212284835539,0.543661349081,3.67635143671,0.0720449167557,-0.0716148470164,0.0,447.3935388244903,441.9470342879264,443.50142272130626,446.0385387554181
1.740000000000001,-0.0870407164826,0.298305929403,13.6389888839,0.0758898953788,0.0234003229874,0.0,-0.228601440129,0.589705263374,3.72059227596,0.082612952303,-0.043493231406,0.0,431.6716149619762,434.0353677551208,432.32158913972984,433.21584223460496
1.8000000000000012,-0.101328761989,0.335593151755,13.8693703762,0.0808253965309,0.0213632042914,0.0,-0.247370233362,0.653741264553,3.95793491914,0.0815400131006,-0.0196216777247,0.0,490.3079068238813,492.07782421024007,492.3030622052861,492.22843574066894
1.8600000000000012,-0.116644015317,0.376634860212,14.1114304203,0.0853649542624,0.0201585210143,0.0,-0.26299643913,0.714787505509,4.11013258848,0.0600616234141,-0.0210067188191,0.0,468.08713226442427,467.9793782028259,469.96212709796544,468.29831846554805
1.9200000000000013,-0.132820030401,0.421219329246,14.3601157471,0.0895171582179,0.0184337937149,0.0,-0.276062081059,0.771714909086,4.17907431365,0.0830682448999,-0.052466816435,0.0,446.3120112901824,443.73624193810633,442.4780576352654,444.37168486883337
1.9800000000000013,-0.149715854284,0.469187824779,14.6116404615,0.0945406057506,0.0150725439323,0.0,-0.286835533238,0.827674853975,4.2049270327,0.0850038212264,-0.0642906356818,0.0,431.5239819329079,430.5223360490546,431.0321702171987,431.20169177737813
2.0400000000000014,-0.167180623098,0.52051767015,14.863782932,0.10008197339,0.0107945446214,0.0,-0.294977823705,0.883776576102,4.19977613406,0.104033734437,-0.0914598740394,0.0,421.811518563581,419.45383158687025,420.9385279061246,422.58980500118656
2.1000000000000014,-0.185071219587,0.575493243691,15.1173790513,0.106790374051,0.0050636829019,0.0,-0.300841684816,0.949332643299,4.2531403846,0.124013917028,-0.10518652632,0.0,441.29877656753064,440.15617617495377,439.25398764662185,440.9189515916845
2.1600000000000015,-0.203205577307,0.634678192263,15.3754916752,0.113850318854,6.28168834197,0.0,-0.302983379077,1.02418981162,4.35013106578,0.100296734226,-0.119314300092,0.0,455.09765957289756,453.9549333163855,455.91118421461954,454.0238670515854
2.2200000000000015,-0.221333099189,0.698372714044,15.6383627828,0.120273631252,6.27423420276,0.0,-0.300566141467,1.09952199909,4.41189193915,0.117961677846,-0.136539070295,0.0,446.6847906695925,445.2635578786258,442.7470555596519,444.2081157868268
2.2800000000000016,-0.239156616266,0.766828601747,15.9058605306,0.127423772446,6.26625520958,0.0,-0.292739316216,1.18299851168,4.5041960864,0.121478376206,-0.126687481956,0.0,454.98487360995506,455.75713191277583,454.5891899537752,454.8833444738636
2.3400000000000016,-0.256353009593,0.840409810769,16.1786600551,0.134742362097,6.25844818584,0.0,-0.279711817961,1.2703738008,4.58862293644,0.122953617951,-0.138042625731,0.0,453.24965453163645,452.3207520914903,454.50219724202157,454.6335191944106
2.4000000000000017,-0.272653246009,0.919140957817,16.4547635137,0.142170315454,6.25030266743,0.0,-0.262883232327,1.35463530126,4.61455413656,0.125437349422,-0.131547115079,0.0,435.56471183715985,436.09021864460664,436.42077213996305,436.6422597506499
2.4600000000000017,-0.287704504745,1.00344546568,16.7350288498,0.151460883526,6.24346456804,0.0,-0.238088090881,1.45632442649,4.72692965157,0.184518399074,-0.0919211933136,0.0,462.1838426248261,465.28478536177045,461.85523731626006,466.5111331244169
2.520000000000002,-0.301236578116,1.09365899695,17.019439533,0.163263641293,6.23818839774,0.0,-0.212493753125,1.55179711427,4.75304294162,0.213883192471,-0.0809705100326,0.0,438.0938159782172,438.99693493811515,437.00403718272815,439.482675284723
2.580000000000002,-0.313182290471,1.18965685158,17.3043961282,0.175910200025,6.23332077924,0.0,-0.18527559107,1.64920239669,4.74523420347,0.20371146776,-0.0814415554178,0.0,428.2471268129039,428.20146261567317,428.51275465842815,427.6926315051628
2.640000000000002,-0.323426852431,1.29165203791,17.5884948148,0.188523849718,6.22862468532,0.0,-0.155801599773,1.75166117964,4.72448334456,0.220804514886,-0.0725796317774,0.0,424.1317022626818,424.8870124292608,423.68141260857146,425.1940870360464
2.700000000000002,-0.331592456915,1.40079805535,17.8753874971,0.201781887826,6.22407367223,0.0,-0.115949644027,1.88777299378,4.83767776876,0.221290302055,-0.0833547316715,0.0,467.6900348434586,466.8456609928923,468.53831728423836,468.6216827202231
2.760000000000002,-0.337420383015,1.51786643135,18.1665041785,0.21502874273,6.21905279573,0.0,-0.0778636673674,2.01563417529,4.86564882963,0.219744154127,-0.0843420554145,0.0,443.42072783432513,443.3338635154988,442.87430269137644,442.79555953408897
2.820000000000002,-0.340643523408,1.64359144606,18.4626059659,0.229453632781,6.21418966698,0.0,-0.0290819610832,2.17649327222,5.00322863095,0.264788172236,-0.0751762541841,0.0,477.37124370918747,478.06539998315003,477.61213039990764,481.0862506173459
2.880000000000002,-0.341079661112,1.77847336075,18.7634495398,0.244832034948,6.20978341985,0.0,0.0149364096841,2.320889094,5.02420613283,0.22830356195,-0.0701705335389,0.0,443.8339351353902,444.2404397618105,446.7170425618981,443.795739721401
2.940000000000002,-0.338611899157,1.92288070515,19.0678343423,0.258193619683,6.20523072344,0.0,0.0677251989135,2.49384977487,5.12087313212,0.208093815189,-0.0908489252077,0.0,471.2799652708608,469.6743163463385,470.43527953224316,468.913391157213
3.000000000000002,-0.33321392182,2.07682453836,19.373804871,0.270761238532,6.19932103819,0.0,0.112672937774,2.63856458425,5.0777944826,0.212057679962,-0.121702692571,0.0,427.6347545519617,424.98849967776835,427.64050366944326,428.0231051513093
3.0600000000000023,-0.32499692864,2.23970093594,19.6773183549,0.28368037555,6.19142156832,0.0,0.16183951427,2.7916110192,5.03889056731,0.221142617429,-0.17708945493,0.0,432.26496156177564,427.5518155622963,428.38336165301706,429.2028321854576
3.1200000000000023,-0.313233317378,2.41331448117,19.9830228962,0.296651974371,6.18108240547,0.0,0.231323322821,2.99653643313,5.14989984445,0.203813184704,-0.164180357295,0.0,478.5508160998738,479.50628519889995,479.3223722237662,478.04562193889035
3.1800000000000024,-0.297359104707,2.59868038927,20.2927083525,0.308931237142,6.17081111984,0.0,0.298711055386,3.18320855857,5.17206289619,0.206283082398,-0.191311498487,0.0,454.85336185707075,452.6466584932769,453.3590465587038,453.5976866045757
3.2400000000000024,-0.277748018021,2.7940986008,20.5994218599,0.320890196618,6.15918251475,0.0,0.355859702382,3.33156521079,5.05161142664,0.179380580436,-0.199334933232,0.0,405.8010063728508,405.03924707119523,408.7626978801595,406.3997625948033
3.3000000000000025,-0.253550695801,3.00102849113,20.9062105451,0.332137055827,6.14788402802,0.0,0.451857946997,3.56678385143,5.17311766381,0.200012880192,-0.172351000647,0.0,486.72990268944346,488.7138147197118,486.52492049442316,488.09781038162345
3.3600000000000025,-0.224113828461,3.22046456609,21.2149271738,0.344045154124,6.13801417065,0.0,0.530186700739,3.74852068511,5.1168600045,0.19519077732,-0.152195019209,0.0,432.53091441680044,434.19851600416155,432.92413029365446,432.55780810670376
3.4200000000000026,-0.188950537068,3.45295106175,21.5256780076,0.355901606837,6.12922385975,0.0,0.642739028241,4.00170772258,5.23976851666,0.202042298616,-0.137049340165,0.0,492.31459103219856,493.41620409436433,492.3727898593351,492.91343970059324
3.4800000000000026,-0.14778315745,3.69874201766,21.8380434155,0.36798643147,6.12168383371,0.0,0.730120010672,4.19205651605,5.17181431312,0.200128281157,-0.109326584013,0.0,433.1893810641084,435.4995407551668,433.8482665376868,433.7283464310997
3.5400000000000027,-0.100816054555,3.95707423066,22.148721017,0.379738392667,6.11501567594,0.0,0.83596231224,4.41966834559,5.18296610544,0.185598039941,-0.115021596394,0.0,462.17976813243513,461.72014881731945,463.4150612138219,462.3068819869947
3.6000000000000028,-0.0475708615462,4.22880088873,22.4588777858,0.390694451486,6.10855310708,0.0,0.939382120873,4.63844880201,5.15468906244,0.175820113456,-0.0960846864237,0.0,449.94903848319404,451.4696407405752,453.08046885959675,452.3250234310451
3.660000000000003,0.0116139105939,4.51298674821,22.765282931,0.401296579724,6.10318476536,0.0,1.03385536995,4.83496492353,5.058347851,0.178407821927,-0.0787578032254,0.0,428.13884499391907,429.60373777057384,430.9032217098156,431.15311932951806
3.720000000000003,0.0767539540666,4.80952394842,23.0668650132,0.412192842864,6.09831903655,0.0,1.13781104793,5.0501194643,4.99366772001,0.187325706234,-0.0862333920047,0.0,443.0338345793907,442.4132322497921,441.64714271406064,442.4142528214394
3.780000000000003,0.148272133542,5.11923249211,23.364776255,0.423773270572,6.09452929293,0.0,1.24640063014,5.27401764295,4.93587020782,0.202447930618,-0.0371303197651,0.0,444.6071623864425,448.60928670919003,445.8624559168337,447.1323847097436
3.840000000000003,0.227407810879,5.44478112343,23.6641116916,0.436053070648,6.09186151891,0.0,1.39140588495,5.57799841804,5.03995258548,0.208755366438,-0.0661302862792,0.0,502.70295381621565,500.5956126138432,502.35193077559296,502.84494587485796
3.900000000000003,0.313603833477,5.78505990271,23.9616280918,0.448590736375,6.08754467636,0.0,1.48209007234,5.76526241861,4.87700691344,0.209368692784,-0.0873127316702,0.0,415.6967293266553,413.831184464629,414.53963045693797,414.63995761478026
3.960000000000003,0.405361356598,6.13682128303,24.249562404,0.461274908913,6.08256528725,0.0,1.57684425677,5.96070752282,4.72043926609,0.215182599829,-0.0755100075929,0.0,417.5431965340993,418.5657683855246,417.3539844409764,417.9083897233555
4.020000000000002,0.503818890659,6.50250656687,24.5321813823,0.474744809976,6.07869307461,0.0,1.70524244235,6.22923230208,4.69877076968,0.238550038725,-0.0486235362472,0.0,467.5949385839626,469.6822269872345,465.87383200113464,467.7444605768536
4.080000000000001,0.609299691439,6.88284111015,24.8102022174,0.489501257025,6.07552934087,0.0,1.81092986473,6.44920247651,4.56785675441,0.257654184911,-0.0625529600383,0.0,433.00643519243414,431.83070877000125,430.60354305452256,432.2790446893771
4.14,0.721617661688,7.27753684601,25.0821456046,0.504915441554,6.0722848958,0.0,1.93310423241,6.70786871179,4.49561332283,0.255360371586,-0.0409949597847,0.0,455.7431986846675,457.46152263648025,454.3914193453658,454.2722145056671
4.199999999999998,0.84133722283,7.68799240931,25.3497298165,0.520137236838,6.06947892124,0.0,2.05755463214,6.97445915536,4.42250455653,0.25015034915,-0.0619706535121,0.0,459.1229694357769,457.45389196341193,458.5336170686437,458.1818858196976
4.259999999999997,0.968508525074,8.11447921479,25.612558397,0.535323028215,6.06578123464,0.0,2.18158242402,7.24216668666,4.33710139895,0.258408637278,-0.0609519794425,0.0,456.7313320151306,456.80998715734313,457.2616614263387,457.98140413895936
4.319999999999996,1.10238704429,8.55536856772,25.8670739127,0.551096446739,6.06206149026,0.0,2.28121843835,7.45470095087,4.14616353588,0.270597307173,-0.0641684817762,0.0,420.2328448449744,419.9508318742723,419.8838872181828,421.01396256532433
4.379999999999995,1.24269249999,9.01008266276,26.1115621674,0.567661624744,6.05815176613,0.0,2.39575004656,7.70288287046,4.00234477833,0.285251590362,-0.0672261572185,0.0,440.34362932656876,440.0873555256827,440.23681162769094,441.5254278532607
4.439999999999993,1.38917939757,9.47809729046,26.3445768351,0.584547809629,6.05427139764,0.0,2.48735756549,7.89820161136,3.7644081654,0.272464012883,-0.0600032314825,0.0,404.06868466278036,404.7160103187409,406.8922692278157,405.8336515398964
4.499999999999992,1.54205877253,9.95997783155,26.5662857466,0.600975733118,6.05144989065,0.0,2.60863127546,8.16477432165,3.62462340056,0.276337073471,-0.0290567943788,0.0,445.3452999187285,447.86861998945056,446.35703493263014,446.74844128026183
4.559999999999991,1.70286714775,10.4594988678,26.7816550094,0.617618214804,6.04966612191,0.0,2.75140401306,8.48599476415,3.55241476451,0.279368547729,-0.0311097402765,0.0,476.6153013382261,476.4581175399745,474.61968635230346,474.9247971387945
4.6199999999999894,1.87122221676,10.9759348639,26.9889881423,0.634348555726,6.04829758028,0.0,2.86035979785,8.72884453586,3.35775658258,0.277760984868,-0.0099429528812,0.0,431.9428793680031,433.72478367373265,432.5653951128861,432.51101639674505
4.679999999999988,2.04634570109,11.507627334,27.1853009192,0.650687198192,6.04749754323,0.0,2.97688728521,8.99440053937,3.18483415867,0.258276769148,-0.0211652208351,0.0,444.99819984817026,444.07838783108764,444.6495280159972,443.12446060976447
4.739999999999987,2.22878327901,12.056187243,27.372196544,0.6660150606,6.04628468714,0.0,3.10412176391,9.29082685457,3.04356324451,0.249160257747,-0.018377292759,0.0,460.0653624976337,460.2861686686303,460.37043564944685,459.7113480346179
4.799999999999986,2.41941838695,12.6240813494,27.552319287,0.680485561344,6.04522995631,0.0,3.24997726122,9.63852017006,2.95851650392,0.216190854765,-0.0160280385925,0.0,485.37697229125416,485.5534089791589,487.55216321060436,485.13327376264846
4.859999999999984,2.61787096795,13.2105202739,27.724228341,0.694269548349,6.04514981231,0.0,3.36486379459,9.90925118398,2.770805519,0.2482248903,0.0182551769252,0.0,448.176503976279,450.9554667475474,448.96593100451673,451.60886141661854
4.919999999999983,2.82332221231,13.8136113297,27.8851982065,0.708823178955,6.046820682,0.0,3.48306260284,10.1935543589,2.59364693184,0.227774750096,0.0422378376847,0.0,456.14321540064213,458.05533293292166,458.14815322943053,456.57521697234364
4.979999999999982,3.0362634513,14.4350539425,28.0368663339,0.722615933874,6.0495361601,0.0,3.61428809791,10.5206390594,2.46037836707,0.233779911933,0.0506998100247,0.0,478.7954025786011,479.440010992553,477.4156306767807,477.92223108051917
5.0399999999999805,3.25611882026,15.0737261358,28.1776467828,0.736474095382,6.05320070334,0.0,3.71375393692,10.768293812,2.2316128693,0.224668357222,0.0763411245427,0.0,441.8800402509254,443.9922030929761,442.5142927396648,441.81660388258877
